#       time                file                area                mass    irreducible mass                spin      dimless spin-x      dimless spin-y      dimless spin-z  dimless spin-z-alt     linear mom. |P|      linear mom. Px      linear mom. Py      linear mom. Pz            origin_x            origin_y            origin_z            center_x            center_y            center_z
1962.0000000    9.8100000000e+02                 nan                 nan                 nan                 nan                 nan                 nan                 nan                 nan                 nan                 nan    0.0000000000e+00    0.0000000000e+00    2.5601351832e+02    2.5603133895e+02    0.0000000000e+00    2.5601345695e+02    2.5602620176e+02    0.0000000000e+00
1964.0000000    9.8200000000e+02                 nan                 nan                 nan                 nan                 nan                 nan                 nan                 nan                 nan                 nan    0.0000000000e+00    0.0000000000e+00    2.5601381279e+02    2.5603115982e+02    0.0000000000e+00    2.5601345695e+02    2.5602620176e+02    0.0000000000e+00
1966.0000000    9.8300000000e+02                 nan                 nan                 nan                 nan                 nan                 nan                 nan                 nan                 nan                 nan    0.0000000000e+00    0.0000000000e+00    2.5601370097e+02    2.5603169640e+02    0.0000000000e+00    2.5601345695e+02    2.5602620176e+02    0.0000000000e+00
1968.0000000    9.8400000000e+02    3.9436971219e+01    9.5940208559e-01    8.8576160097e-01    6.8064703176e-01    2.5343812416e-07    5.0748973646e-08    7.0944918922e-01    7.8643289272e-01    1.6134606705e-05    5.4516134994e-06    1.5185698621e-05    1.0825521729e-09    2.5601393009e+02    2.5603204821e+02    0.0000000000e+00    2.5601068287e+02    2.5603309220e+02    3.2462921240e-13
1970.0000000    9.8500000000e+02    3.9945807040e+01    9.6199922474e-01    8.9145755971e-01    6.7014692814e-01    8.7025167885e-07    1.0878540524e-06    6.9661898981e-01    7.1973792410e-01    2.8160930333e-05    1.3135851555e-05    2.4909576849e-05    1.9552659151e-08    2.5601068287e+02    2.5603309220e+02    3.2462921240e-13    2.5601518591e+02    2.5603221582e+02    8.5209617140e-14
1972.0000000    9.8600000000e+02    4.0136859425e+01    9.6285760873e-01    8.9358684369e-01    6.6561126980e-01   -3.1098415479e-07   -3.0049520233e-06    6.9128733445e-01    6.9114874149e-01    2.4789745560e-05    2.0521149391e-05    1.3907097876e-05    8.0877895874e-08    2.5601968895e+02    2.5603133943e+02   -1.5420997812e-13    2.5601324268e+02    2.5603230549e+02   -1.3679612998e-12
1974.0000000    9.8700000000e+02    4.0224583303e+01    9.6332113451e-01    8.9456283084e-01    6.6380669234e-01   -9.1254529262e-08    4.3175062618e-06    6.8908141693e-01    6.8467499421e-01    3.5897696328e-05   -3.5151985807e-06    3.5724553150e-05    2.1043496034e-07    2.5600485317e+02    2.5603336123e+02   -4.0348835384e-12    2.5601314232e+02    2.5603250870e+02    5.6654680947e-13
1976.0000000    9.8800000000e+02    4.0271772012e+01    9.6363426809e-01    8.9508739677e-01    6.6310789879e-01    6.1612109205e-07   -5.7477244217e-07    6.8813233480e-01    6.8603133267e-01    1.9825873099e-05    6.5831236293e-06    1.8701007463e-05    6.8774928877e-09    2.5601488484e+02    2.5603282542e+02    5.8887339449e-12    2.5601488896e+02    2.5603131734e+02    6.9833028249e-12
1978.0000000    9.8900000000e+02    4.0300686706e+01    9.6385776576e-01    8.9540867062e-01    6.6281604167e-01   -1.3971501170e-06   -1.7243186379e-06    6.8766997083e-01    6.8743923921e-01    1.7670591045e-05    1.6239463535e-05    6.9660964834e-06    5.5783174566e-08    2.5601848259e+02    2.5602873142e+02    1.7882306746e-11    2.5601281585e+02    2.5603292449e+02   -2.1858070909e-12
1980.0000000    9.9000000000e+02    4.0319523110e+01    9.6402344072e-01    8.9561790165e-01    6.6271286030e-01    2.8061236737e-06    2.9623617904e-06    6.8744475735e-01    6.8662185678e-01    2.3539843022e-05    1.0324848548e-05    2.1154151454e-05    1.5358465692e-07    2.5600692301e+02    2.5603733017e+02   -2.6940782938e-11    2.5601289922e+02    2.5603290667e+02   -4.3474668310e-12
1982.0000000    9.9100000000e+02    4.0331519763e+01    9.6414609063e-01    8.9575113261e-01    6.6272145952e-01   -3.1228097657e-07   -6.7639324650e-07    6.8736622589e-01    6.8421790501e-01    1.7532216534e-05    1.7437506351e-05    1.8198796209e-06    5.1965343348e-09    2.5601513906e+02    2.5603126388e+02    4.9832360460e-13    2.5601596737e+02    2.5603188582e+02   -6.1206595348e-13
1984.0000000    9.9200000000e+02    4.0341715450e+01    9.6426110372e-01    8.9586434706e-01    6.6277553941e-01   -7.7614786967e-07   -3.9442324525e-06    6.8734032395e-01    6.8168567572e-01    3.7466899247e-05    3.2143521793e-05   -1.9249280068e-05    1.6662171252e-07    2.5602202030e+02    2.5602986192e+02    9.0203955416e-12    2.5601398955e+02    2.5603064131e+02   -2.4276136656e-12
1986.0000000    9.9300000000e+02    4.0348785008e+01    9.6435295943e-01    8.9594284010e-01    6.6286556407e-01   -1.4346865024e-06    3.1618933585e-06    6.8736820640e-01    6.8035021678e-01    1.9438505917e-05    1.8418919686e-05   -6.2115986311e-06    1.2227976016e-07    2.5600696577e+02    2.5602917315e+02   -9.7941099675e-12    2.5601432999e+02    2.5603022626e+02   -2.3268054150e-12
1988.0000000    9.9400000000e+02    4.0354421467e+01    9.6443586749e-01    8.9600541656e-01    6.6297929007e-01   -5.7801796428e-07   -1.3012928976e-06    6.8742703627e-01    6.8040375689e-01    4.0367077395e-05    3.5163621202e-05   -1.9824735023e-05    2.3719631100e-08    2.5601698868e+02    2.5603064067e+02   -3.0964120157e-13    2.5601539455e+02    2.5603229961e+02   -3.3861802251e-14
1990.0000000    9.9500000000e+02    4.0360222138e+01    9.6452513217e-01    8.9606981156e-01    6.6311341848e-01    2.1924571217e-06   -1.3542981420e-06    6.8750247801e-01    6.8123007767e-01    4.4039036409e-05    3.8684802391e-05   -2.1045602562e-05    7.3515863862e-08    2.5601718323e+02    2.5603686136e+02    4.4512171726e-12    2.5601471235e+02    2.5603315698e+02   -1.3798595599e-10
1992.0000000    9.9600000000e+02    4.0365735903e+01    9.6461660910e-01    8.9613101724e-01    6.6326963169e-01    3.1848890156e-07    7.0958019051e-07    6.8759922380e-01    6.8206199203e-01    3.6885262542e-05    2.2015009588e-05   -2.9594964248e-05    6.0614462200e-09    2.5601228340e+02    2.5603279836e+02   -4.1618308799e-10    2.5601513764e+02    2.5603287609e+02   -4.1556202923e-12
1994.0000000    9.9700000000e+02    4.0372553037e+01    9.6472378591e-01    8.9620668522e-01    6.6343709493e-01   -3.4711774887e-07   -1.2501477038e-06    6.8769642110e-01    6.8237047838e-01    4.7367175919e-05    2.0249298340e-05   -4.2820730856e-05    1.6739976551e-08    2.5601667043e+02    2.5603145696e+02    4.0145714530e-10    2.5601576481e+02    2.5603200845e+02    1.1691192459e-10
1996.0000000    9.9800000000e+02    4.0380040243e+01    9.6484152739e-01    8.9628978342e-01    6.6362114554e-01   -7.0517033378e-07   -1.1775508946e-06    6.8780325753e-01    6.8216972224e-01    5.1925482594e-05    1.5337320843e-05   -4.9608687930e-05    2.0344952063e-08    2.5601659384e+02    2.5603055406e+02    2.2521667864e-10    2.5601534351e+02    2.5603156610e+02   -2.4077961847e-11
1998.0000000    9.9900000000e+02    4.0387952494e+01    9.6496658763e-01    8.9637759070e-01    6.6381838877e-01   -3.2219160804e-07    8.1312236283e-08    6.8791852203e-01    6.8173548331e-01    4.8536058228e-05    9.9352076749e-06   -4.7508321330e-05    1.0802905445e-09    2.5601387374e+02    2.5603154902e+02   -4.2712527959e-10    2.5601557089e+02    2.5603190616e+02   -1.9418533448e-10
2000.0000000    1.0000000000e+03    4.0396843005e+01    9.6510275181e-01    8.9647624408e-01    6.6402114919e-01    3.3325789030e-07   -1.0155746032e-06    6.8803155721e-01    6.8138657132e-01    5.1803658346e-05    1.4191285074e-05   -4.9821945903e-05    1.2349218592e-08    2.5601644697e+02    2.5603302863e+02   -3.9341019331e-10    2.5601583072e+02    2.5603251210e+02   -3.2388469684e-10
2002.0000000    1.0010000000e+03    4.0406201003e+01    9.6524499020e-01    8.9658007319e-01    6.6422987915e-01    3.0123350161e-07   -9.8442528326e-07    6.8814641453e-01    6.8135609388e-01    5.2886588040e-05    1.5593265878e-05   -5.0535543129e-05    1.1595651259e-08    2.5601644697e+02    2.5603302863e+02   -3.9341019331e-10    2.5601568985e+02    2.5603270753e+02    9.2204022195e-14
2004.0000000    1.0020000000e+03    4.0416049840e+01    9.6539290808e-01    8.9668933530e-01    6.6444186197e-01    5.6906070086e-08   -4.0820929221e-07    6.8826055838e-01    6.8161613859e-01    5.1814781527e-05    1.6130894150e-05   -4.9239880537e-05    1.7962988952e-09    2.5601514828e+02    2.5603249245e+02    7.7774536811e-10    2.5601604154e+02    2.5603253009e+02    1.5148438059e-12
2006.0000000    1.0030000000e+03    4.0426709825e+01    9.6554908882e-01    8.9680758120e-01    6.6465436914e-01   -1.7549160264e-07   -1.1578076162e-06    6.8836931942e-01    6.8197820302e-01    5.5082821000e-05    2.0787120640e-05   -5.1009926387e-05    1.3957655882e-08    2.5601688580e+02    2.5603197977e+02   -3.1961677749e-10    2.5601617230e+02    2.5603221045e+02    3.5661473774e-12
2008.0000000    1.0040000000e+03    4.0437478520e+01    9.6570712441e-01    8.9692701714e-01    6.6487020351e-01   -2.6223344110e-07   -7.5628584140e-07    6.8848016827e-01    6.8228377766e-01    5.6024319816e-05    2.2723298393e-05   -5.1209140551e-05    6.7112783438e-09    2.5601608211e+02    2.5603174862e+02    6.2461147365e-12    2.5601611320e+02    2.5603210354e+02   -1.0227430014e-11
2010.0000000    1.0050000000e+03    4.0448446479e+01    9.6586703294e-01    8.9704864678e-01    6.6508551460e-01   -5.9383424428e-08   -6.1737681450e-07    6.8858910379e-01    6.8242574149e-01    6.0465253196e-05    2.6728829134e-05   -5.4236671365e-05    4.0505185751e-09    2.5601586425e+02    2.5603220937e+02   -3.9865888368e-11    2.5601627931e+02    2.5603226776e+02    3.9389047579e-12
2012.0000000    1.0060000000e+03    4.0459618912e+01    9.6602917210e-01    8.9717252699e-01    6.6530162727e-01    1.6223597498e-07   -9.3069237862e-07    6.8869724278e-01    6.8242415524e-01    6.8791825856e-05    3.1975690979e-05   -6.0908705447e-05    9.5846214897e-09    2.5601667063e+02    2.5603270311e+02    4.6065151693e-11    2.5601636513e+02    2.5603243420e+02   -2.2523038989e-11
2014.0000000    1.0070000000e+03    4.0470776764e+01    9.6619139513e-01    8.9729622846e-01    6.6551876680e-01    1.2146786053e-07   -7.6692403508e-07    6.8880634847e-01    6.8241323306e-01    7.5955597119e-05    3.4144422887e-05   -6.7848441976e-05    6.3878145204e-09    2.5601637065e+02    2.5603260284e+02   -8.9613261256e-11    2.5601643136e+02    2.5603245471e+02   -1.2742584765e-11
2016.0000000    1.0080000000e+03    4.0482027147e+01    9.6635368645e-01    8.9742093850e-01    6.6573222439e-01    1.1416519907e-08   -7.8495417548e-07    6.8891155870e-01    6.8243154616e-01    8.2671907306e-05    3.5908491919e-05   -7.4466263663e-05    6.4662308433e-09    2.5601647801e+02    2.5603232930e+02    3.3280267431e-11    2.5601663855e+02    2.5603232127e+02   -2.4232116314e-11
2018.0000000    1.0090000000e+03    4.0493326059e+01    9.6651646735e-01    8.9754616905e-01    6.6594572951e-01   -1.0162712346e-07   -9.7338269578e-07    6.8901643377e-01    6.8250045708e-01    8.9282728473e-05    3.7559215627e-05   -8.0998214963e-05    9.8973857044e-09    2.5601698670e+02    2.5603203389e+02   -5.6991633635e-11    2.5601669807e+02    2.5603217083e+02    3.1127267430e-11
2020.0000000    1.0100000000e+03    4.0504524015e+01    9.6667879951e-01    8.9767026342e-01    6.6616170330e-01   -9.3633858066e-08   -7.6382071927e-07    6.8912414718e-01    6.8268357083e-01    9.4153031066e-05    3.8309325462e-05   -8.6006911371e-05    6.1663768093e-09    2.5601660991e+02    2.5603200338e+02    1.5333556647e-10    2.5601674879e+02    2.5603212891e+02    2.8777702443e-11
2022.0000000    1.0110000000e+03    4.0515736359e+01    9.6684063153e-01    8.9779450005e-01    6.6637492947e-01    1.2019392957e-08   -7.9920257507e-07    6.8922933909e-01    6.8287370722e-01    9.9017948638e-05    3.9250160696e-05   -9.0906429874e-05    6.7362068198e-09    2.5601679073e+02    2.5603219551e+02   -3.1280811275e-11    2.5601689603e+02    2.5603215227e+02   -2.9377167365e-11
2024.0000000    1.0120000000e+03    4.0526908182e+01    9.6700183830e-01    8.9791827060e-01    6.6658724519e-01    5.3272974665e-08   -9.0846171622e-07    6.8933399999e-01    6.8299107441e-01    1.0325316751e-04    3.9574637427e-05   -9.5368048099e-05    8.7226357855e-09    2.5601713978e+02    2.5603224092e+02   -1.4333734200e-10    2.5601696691e+02    2.5603215778e+02   -3.5879466065e-11
2026.0000000    1.0130000000e+03    4.0537980084e+01    9.6716241474e-01    8.9804091731e-01    6.6680119566e-01    3.5968610611e-08   -7.8894907685e-07    6.8944076558e-01    6.8309930343e-01    1.0670871541e-04    3.8766223445e-05   -9.9417955226e-05    6.5572186370e-09    2.5601696143e+02    2.5603214543e+02    9.2708063448e-12    2.5601707905e+02    2.5603209656e+02   -3.5986991165e-11
2028.0000000    1.0140000000e+03    4.0549091096e+01    9.6732283091e-01    8.9816398042e-01    6.6701279729e-01   -1.3314624620e-08   -8.6600508389e-07    6.8954518179e-01    6.8320069208e-01    1.1049037417e-04    3.9048597205e-05   -1.0336019437e-04    7.8214540313e-09    2.5601723246e+02    2.5603196862e+02   -2.9699742665e-11    2.5601722809e+02    2.5603198049e+02    3.3066438476e-11
2030.0000000    1.0150000000e+03    4.0560145621e+01    9.6748273115e-01    8.9828640117e-01    6.6722464804e-01   -4.9281096404e-08   -9.0025165890e-07    6.8965018863e-01    6.8326184633e-01    1.1449301569e-04    3.9982465536e-05   -1.0728491515e-04    8.4612329981e-09    2.5601741403e+02    2.5603180956e+02    1.7128082286e-10    2.5601730516e+02    2.5603187571e+02    3.4658054204e-11
2032.0000000    1.0160000000e+03    4.0571127572e+01    9.6764233925e-01    8.9840800168e-01    6.6743840502e-01   -2.4561730634e-08   -8.0555092240e-07    6.8975733899e-01    6.8335802642e-01    1.1836186229e-04    4.0918087137e-05   -1.1106412807e-04    6.8085948459e-09    2.5601731026e+02    2.5603178221e+02   -3.1212143980e-11    2.5601740553e+02    2.5603180271e+02    3.6562364247e-11
2034.0000000    1.0170000000e+03    4.0582140881e+01    9.6780177823e-01    8.9852993289e-01    6.6765011089e-01    5.0462185562e-09   -8.5110341832e-07    6.8986245521e-01    6.8347313497e-01    1.2264776116e-04    4.2126734027e-05   -1.1518598673e-04    7.6207298120e-09    2.5601752920e+02    2.5603176149e+02    3.8779368605e-11    2.5601754131e+02    2.5603174078e+02   -4.4730996684e-11
2036.0000000    1.0180000000e+03    4.0593107862e+01    9.6796088243e-01    8.9865133476e-01    6.6786240470e-01    1.4473881463e-08   -8.8150545320e-07    6.8996838284e-01    6.8356177115e-01    1.2704695395e-04    4.3406108378e-05   -1.1940200248e-04    8.1804339214e-09    2.5601771251e+02    2.5603168991e+02   -2.0922202859e-10    2.5601764075e+02    2.5603166424e+02    1.5742573911e-10
2038.0000000    1.0190000000e+03    4.0604050187e+01    9.6811992175e-01    8.9877244734e-01    6.6807551273e-01    7.6940068677e-09   -8.2773384862e-07    6.9007516293e-01    6.8367764794e-01    1.3105367172e-04    4.4447342231e-05   -1.2328624655e-04    7.1905558556e-09    2.5601770384e+02    2.5603157311e+02    6.4303257163e-10    2.5601776412e+02    2.5603155559e+02    1.6295442773e-10
2040.0000000    1.0200000000e+03    4.0615006758e+01    9.6827915213e-01    8.9889370125e-01    6.6828885940e-01   -1.3363425434e-08   -8.6694506827e-07    6.9018201820e-01    6.8384364215e-01    1.3546193578e-04    4.5658140908e-05   -1.2753536824e-04    7.8816883324e-09    2.5601791143e+02    2.5603141482e+02   -2.8144930830e-11    2.5601790056e+02    2.5603142788e+02   -1.4788947844e-10
2042.0000000    1.0210000000e+03    4.0625959451e+01    9.6843860982e-01    8.9901489591e-01    6.6850338124e-01   -1.9675174444e-08   -8.7372131508e-07    6.9028988979e-01    6.8399203139e-01    1.3992839666e-04    4.6514173854e-05   -1.3197116260e-04    8.0100700786e-09    2.5601805006e+02    2.5603128113e+02   -7.7510597940e-10    2.5601801134e+02    2.5603130310e+02   -1.5255052777e-10
2044.0000000    1.0220000000e+03    4.0636927989e+01    9.6859796777e-01    8.9913624951e-01    6.6871682128e-01   -8.1635289768e-09   -8.3833554218e-07    6.9039668008e-01    6.8403315452e-01    1.4413055850e-04    4.7383331070e-05   -1.3611920428e-04    7.3905251762e-09    2.5601809647e+02    2.5603118125e+02    1.4897127976e-10    2.5601813705e+02    2.5603118182e+02   -1.5949197518e-10
2046.0000000    1.0230000000e+03    4.0647894799e+01    9.6875750300e-01    8.9925756763e-01    6.6893112823e-01   -2.0064313496e-09   -8.6102802279e-07    6.9050420375e-01    6.8404968664e-01    1.4860117095e-04    4.8279866987e-05   -1.4053954031e-04    7.8116287596e-09    2.5601827769e+02    2.5603106402e+02   -1.6871382069e-10    2.5601827040e+02    2.5603105754e+02   -1.6631279687e-10
2048.0000000    1.0240000000e+03    4.0658862272e+01    9.6891766804e-01    8.9937887672e-01    6.6914814426e-01    1.8359319830e-10   -8.6260169217e-07    6.9061403908e-01    6.8423375974e-01    1.5320273314e-04    4.8647961514e-05   -1.4527371828e-04    7.8414417910e-09    2.5601841138e+02    2.5603093028e+02   -1.7301299282e-10    2.5601840022e+02    2.5603091924e+02    2.0120105582e-10
2050.0000000    1.0250000000e+03    4.0669874526e+01    9.6907812113e-01    8.9950066465e-01    6.6936450168e-01   -6.0924554201e-09   -8.5556013147e-07    6.9072295318e-01    6.8443790411e-01    1.5755337745e-04    4.8993431450e-05   -1.4974214624e-04    7.7039603160e-09    2.5601852652e+02    2.5603076693e+02    9.4304958287e-10    2.5601853463e+02    2.5603076715e+02   -1.7967161092e-10
2052.0000000    1.0260000000e+03    4.0680919375e+01    9.6923876362e-01    8.9962279651e-01    6.6958030168e-01   -1.0035873723e-08   -8.6120700508e-07    6.9083112110e-01    6.8444958547e-01    1.6133281047e-04    4.9701120133e-05   -1.5348639787e-04    7.8102874333e-09    2.5601867363e+02    2.5603060127e+02   -1.3089307971e-09    2.5601866959e+02    2.5603061235e+02   -1.8612866803e-10
2054.0000000    1.0270000000e+03    4.0691969554e+01    9.6939999943e-01    8.9974497072e-01    6.6979845169e-01   -3.1839373847e-09   -8.5787493653e-07    6.9094125447e-01    6.8450971385e-01    1.6535209556e-04    5.0231525755e-05   -1.5753764397e-04    7.7527415520e-09    2.5601880509e+02    2.5603045484e+02    1.8182988448e-10    2.5601880453e+02    2.5603045349e+02   -1.9397067286e-10
2056.0000000    1.0280000000e+03    4.0703061862e+01    9.6956183906e-01    8.9986759403e-01    6.7001741536e-01   -7.1487913463e-10   -8.5465979506e-07    6.9105176005e-01    6.8473382708e-01    1.6991752905e-04    5.0536589473e-05   -1.6222829513e-04    7.7014482621e-09    2.5601893946e+02    2.5603029055e+02   -2.0319762539e-10    2.5601894407e+02    2.5603028281e+02    2.3738000454e-10
2058.0000000    1.0290000000e+03    4.0714193266e+01    9.6972397474e-01    8.9999063274e-01    6.7023600168e-01   -5.3310737417e-09   -8.5722256822e-07    6.9116162861e-01    6.8484037264e-01    1.7413515459e-04    5.1038987435e-05   -1.6648745828e-04    7.7605431994e-09    2.5601908822e+02    2.5603010031e+02    1.1079233642e-09    2.5601909201e+02    2.5603009889e+02   -2.0941770540e-10
2060.0000000    1.0300000000e+03    4.0725364932e+01    9.6988674881e-01    9.0011409959e-01    6.7045563134e-01   -1.0655038861e-08   -8.6356446923e-07    6.9127208117e-01    6.8485715453e-01    1.7784632334e-04    5.1171646708e-05   -1.7032550378e-04    7.8983222124e-09    2.5601924834e+02    2.5602990172e+02   -1.5343638027e-09    2.5601922989e+02    2.5602990681e+02   -2.1720203414e-10
2062.0000000    1.0310000000e+03    4.0736562857e+01    9.7005003353e-01    9.0023783964e-01    6.7067635655e-01   -1.1383940962e-08   -8.4739438587e-07    6.9138326207e-01    6.8502292187e-01    1.8181556776e-04    5.0846617816e-05   -1.7456094087e-04    7.5979866192e-09    2.5601935772e+02    2.5602970659e+02    2.1402701833e-10    2.5601937746e+02    2.5602971423e+02   -2.2676593936e-10
2064.0000000    1.0320000000e+03    4.0747793159e+01    9.7021361944e-01    9.0036192038e-01    6.7089701625e-01   -3.8334746399e-09   -8.6039134245e-07    6.9149412336e-01    6.8517871683e-01    1.8613901583e-04    5.1182233927e-05   -1.7896399661e-04    7.8207684964e-09    2.5601953471e+02    2.5602952113e+02   -2.3810942107e-10    2.5601952521e+02    2.5602952083e+02   -2.3611401723e-10
2066.0000000    1.0330000000e+03    4.0759066899e+01    9.7037776700e-01    9.0048646386e-01    6.7111825461e-01    3.3707927082e-09   -8.5461496277e-07    6.9160514331e-01    6.8522165724e-01    1.9022488645e-04    5.1697611479e-05   -1.8306519148e-04    7.7323292422e-09    2.5601967316e+02    2.5602932661e+02   -2.4524626774e-10    2.5601967174e+02    2.5602931583e+02    2.9233926391e-10
2068.0000000    1.0340000000e+03    4.0770365405e+01    9.7054233645e-01    9.0061126366e-01    6.7134027218e-01   -8.1418796130e-10   -8.4990733886e-07    6.9171662788e-01    6.8534215744e-01    1.9410472986e-04    5.1606015389e-05   -1.8711885333e-04    7.6549427222e-09    2.5601981705e+02    2.5602909922e+02    1.3585939040e-09    2.5601983059e+02    2.5602909237e+02    3.0470326262e-10
2070.0000000    1.0350000000e+03    4.0781687020e+01    9.7070717585e-01    9.0073630137e-01    6.7156248850e-01   -1.0774194218e-08   -8.6304769890e-07    6.9182808700e-01    6.8549822121e-01    1.9813231489e-04    5.1283964703e-05   -1.9138016905e-04    7.8981972742e-09    2.5602000176e+02    2.5602885046e+02   -1.9902202109e-10    2.5601998634e+02    2.5602885675e+02   -2.6356106186e-10
2072.0000000    1.0360000000e+03    4.0793047558e+01    9.7087247885e-01    9.0086175151e-01    6.7178505753e-01   -1.3538272799e-08   -8.5499653968e-07    6.9193954115e-01    6.8557740422e-01    2.0209960449e-04    5.1017305199e-05   -1.9555430101e-04    7.7678167639e-09    2.5602013899e+02    2.5602860896e+02   -1.4124537095e-09    2.5602013925e+02    2.5602861998e+02   -2.7391333646e-10
2074.0000000    1.0370000000e+03    4.0804415656e+01    9.7103798307e-01    9.0098726765e-01    6.7200819635e-01   -6.5485126647e-09   -8.5169038698e-07    6.9205140074e-01    6.8567440092e-01    2.0586175211e-04    5.0715632800e-05   -1.9951688027e-04    7.7087363290e-09    2.5602028932e+02    2.5602838207e+02    2.7364643884e-10    2.5602030122e+02    2.5602838355e+02   -3.8185565820e-12
2076.0000000    1.0380000000e+03    4.0815803572e+01    9.7120375296e-01    9.0111298506e-01    6.7223165695e-01    1.4977772358e-10   -8.6210082654e-07    6.9216336418e-01    6.8581474552e-01    2.0971086866e-04    5.0371839115e-05   -2.0357142775e-04    7.8936620469e-09    2.5602047226e+02    2.5602814746e+02    5.4672327776e-10    2.5602045445e+02    2.5602813937e+02    4.8714365875e-12
2078.0000000    1.0390000000e+03    4.0827239054e+01    9.7137001313e-01    9.0123920994e-01    6.7245521645e-01   -3.9666901819e-10   -8.4730110013e-07    6.9227504181e-01    6.8592982927e-01    2.1377071875e-04    5.0018893440e-05   -2.0783654740e-04    7.6334136364e-09    2.5602059892e+02    2.5602788742e+02   -2.4784335695e-10    2.5602061464e+02    2.5602788059e+02   -4.0492054154e-12
2080.0000000    1.0400000000e+03    4.0838658793e+01    9.7153624786e-01    9.0136524340e-01    6.7267937037e-01   -5.7089606695e-09   -8.5618156785e-07    6.9238731118e-01    6.8603795604e-01    2.1783785087e-04    4.9643049816e-05   -2.1210586229e-04    7.7995982841e-09    2.5602078180e+02    2.5602760723e+02   -3.0580482591e-11    2.5602078129e+02    2.5602760834e+02    1.5431433908e-11
2082.0000000    1.0410000000e+03    4.0850087923e+01    9.7170268480e-01    9.0149136288e-01    6.7290401966e-01   -9.5143574783e-09   -8.6014808408e-07    6.9249990783e-01    6.8616159253e-01    2.2161590669e-04    4.8852784282e-05   -2.1616432523e-04    7.8838926464e-09    2.5602095441e+02    2.5602732261e+02    6.3313354559e-11    2.5602094408e+02    2.5602732814e+02    1.5893009131e-11
2084.0000000    1.0420000000e+03    4.0861589384e+01    9.7186979110e-01    9.0161826270e-01    6.7312847907e-01   -8.9273486985e-09   -8.5354076909e-07    6.9261179350e-01    6.8627225249e-01    2.2526459518e-04    4.7816591607e-05   -2.2013112308e-04    7.7795212225e-09    2.5602110300e+02    2.5602704000e+02   -2.6644797479e-12    2.5602110698e+02    2.5602704412e+02    1.6822987448e-11
2086.0000000    1.0430000000e+03    4.0873053120e+01    9.7203664744e-01    9.0174472852e-01    6.7335350904e-01   -5.1223693898e-09   -8.5499186497e-07    6.9272440583e-01    6.8637966684e-01    2.2894161128e-04    4.6946741279e-05   -2.2407647087e-04    7.7998711049e-09    2.5602126998e+02    2.5602675625e+02    1.8221368858e-11    2.5602127060e+02    2.5602675619e+02    1.7161383425e-11
2088.0000000    1.0440000000e+03    4.0884514193e+01    9.7220360585e-01    9.0187114724e-01    6.7357911966e-01   -1.3270557910e-09   -8.5498555605e-07    6.9283750400e-01    6.8647074407e-01    2.3266555094e-04    4.6134916160e-05   -2.2804567096e-04    7.8045006404e-09    2.5602143496e+02    2.5602646435e+02    1.6908197065e-11    2.5602143228e+02    2.5602645866e+02    1.7939427721e-11
2090.0000000    1.0450000000e+03    4.0896056881e+01    9.7237127040e-01    9.0199844828e-01    6.7380430421e-01   -3.0014550725e-09   -8.5083317896e-07    6.9294962194e-01    6.8656148673e-01    2.3650161494e-04    4.5135159978e-05   -2.3215475689e-04    7.7466657698e-09    2.5602159201e+02    2.5602615154e+02    1.9157120335e-11    2.5602159835e+02    2.5602614806e+02    1.9012680319e-11
2092.0000000    1.0460000000e+03    4.0907562140e+01    9.7253870144e-01    9.0212531865e-01    6.7403011569e-01   -7.1080674692e-09   -8.5556635579e-07    6.9306251225e-01    6.8671570183e-01    2.4034073861e-04    4.3965012885e-05   -2.3628531104e-04    7.8318471430e-09    2.5602176881e+02    2.5602582439e+02    2.0381141219e-11    2.5602176871e+02    2.5602582644e+02   -4.5650705438e-12
2094.0000000    1.0470000000e+03    4.0919069091e+01    9.7270631159e-01    9.0225218984e-01    6.7425665128e-01   -8.9220231823e-09   -8.5917953989e-07    6.9317598051e-01    6.8685324518e-01    2.4412097986e-04    4.2754965568e-05   -2.4034780145e-04    7.9091935111e-09    2.5602194336e+02    2.5602549380e+02   -5.2793824867e-11    2.5602193207e+02    2.5602549625e+02   -4.4499959273e-12
2096.0000000    1.0480000000e+03    4.0930622505e+01    9.7287419697e-01    9.0237955536e-01    6.7448241758e-01   -9.6168035032e-09   -8.4969676181e-07    6.9328842277e-01    6.8696815327e-01    2.4936824007e-04    4.2079542595e-05   -2.4579225210e-04    7.7529567410e-09    2.5602208842e+02    2.5602515748e+02    1.9357904169e-11    2.5602209628e+02    2.5602516056e+02   -1.5969447986e-12
2098.0000000    1.0490000000e+03    4.0942174688e+01    9.7304230826e-01    9.0250688934e-01    6.7470923231e-01   -7.2706689121e-09   -8.5233337272e-07    6.9340174274e-01    6.8710654479e-01    2.5332002396e-04    4.1288501165e-05   -2.4993257921e-04    7.7994854689e-09    2.5602226135e+02    2.5602481939e+02    3.9940828422e-12    2.5602226241e+02    2.5602481810e+02    1.4665157977e-11
2100.0000000    1.0500000000e+03    4.0953735576e+01    9.7321061248e-01    9.0263430129e-01    6.7493653181e-01   -6.5784196546e-09   -8.5349530062e-07    6.9351538419e-01    6.8716804174e-01    2.5729465682e-04    4.0324094810e-05   -2.5411514663e-04    7.8287135845e-09    2.5602243045e+02    2.5602446885e+02    4.4336312399e-11    2.5602242908e+02    2.5602446588e+02   -1.7056911439e-12
2102.0000000    1.0510000000e+03    4.0965340802e+01    9.7337926614e-01    9.0276218380e-01    6.7516347099e-01   -8.0884394989e-09   -8.5321413696e-07    6.9362836715e-01    6.8722184035e-01    2.6135336736e-04    3.9110964890e-05   -2.5841036162e-04    7.8319663515e-09    2.5602259630e+02    2.5602410391e+02   -5.0709492161e-11    2.5602259562e+02    2.5602410571e+02    1.5135670495e-11
2104.0000000    1.0520000000e+03    4.0976921648e+01    9.7354776932e-01    9.0288977961e-01    6.7539083449e-01   -6.2361951703e-09   -8.5339182902e-07    6.9374185405e-01    6.8736556351e-01    2.6528018980e-04    3.7651378262e-05   -2.6259465484e-04    7.8369757420e-09    2.5602276203e+02    2.5602373760e+02    6.5189242893e-11    2.5602276031e+02    2.5602373985e+02   -2.1619928070e-11
2106.0000000    1.0530000000e+03    4.0988513047e+01    9.7371647340e-01    9.0301747363e-01    6.7561863831e-01   -1.9449488162e-09   -8.5150303809e-07    6.9385561070e-01    6.8751919838e-01    2.6904099324e-04    3.5960522741e-05   -2.6662688685e-04    7.8041748793e-09    2.5602292316e+02    2.5602336828e+02   -1.1197248684e-10    2.5602291876e+02    2.5602336768e+02    1.7756673909e-10
2108.0000000    1.0540000000e+03    4.1000250174e+01    9.7388619400e-01    9.0314675463e-01    6.7584462928e-01    2.4998214218e-09   -8.4296845564e-07    6.9396674215e-01    6.8766709165e-01    2.7647054239e-04    3.6655296831e-05   -2.7402983408e-04    7.6580989406e-09    2.5602307097e+02    2.5602298920e+02    6.1269567198e-10    2.5602308261e+02    2.5602298305e+02   -2.3181306874e-10
2110.0000000    1.0550000000e+03    4.1011633406e+01    9.7405325266e-01    9.0327211991e-01    6.7607430379e-01   -3.1379922203e-09   -8.5038322549e-07    6.9408351334e-01    6.8779290032e-01    2.7984424245e-04    3.4790851825e-05   -2.7767318308e-04    7.8078795417e-09    2.5602325186e+02    2.5602258598e+02   -1.2497593516e-09    2.5602325246e+02    2.5602258541e+02    1.9324819522e-10
2112.0000000    1.0560000000e+03    4.1023334742e+01    9.7422302420e-01    9.0340097038e-01    6.7630209223e-01   -7.0466988333e-09   -8.5568607843e-07    6.9419637539e-01    6.8786464435e-01    2.8434991074e-04    3.5508208459e-05   -2.8212415495e-04    7.9090177471e-09    2.5602342831e+02    2.5602217475e+02    1.4527505310e-09    2.5602341882e+02    2.5602216652e+02    2.0180634941e-10
2114.0000000    1.0570000000e+03    4.1035009817e+01    9.7439282243e-01    9.0352951337e-01    6.7653113853e-01   -2.3745836205e-08   -8.5139178319e-07    6.9431047003e-01    6.8794587900e-01    2.8699533530e-04    3.8435668710e-05   -2.8440995375e-04    7.8467273755e-09    2.5602358169e+02    2.5602172638e+02   -2.0613860618e-10    2.5602356829e+02    2.5602174166e+02    2.0947010793e-10
2116.0000000    1.0580000000e+03    4.1046718440e+01    9.7456292299e-01    9.0365840735e-01    6.7676008442e-01   -2.2286841562e-08   -8.3458056608e-07    6.9442420644e-01    6.8805475449e-01    2.8783749496e-04    4.3271093472e-05   -2.8456639984e-04    7.5498362805e-09    2.5602370087e+02    2.5602131082e+02    2.1623947077e-10    2.5602372784e+02    2.5602132297e+02    2.8581581546e-12
2118.0000000    1.0590000000e+03    4.1058460748e+01    9.7473326079e-01    9.0378765370e-01    6.7698864785e-01   -1.2020177833e-08   -8.5128934784e-07    6.9453734174e-01    6.8819871890e-01    2.8753340610e-04    4.9728609857e-05   -2.8320050304e-04    7.8465685416e-09    2.5602389749e+02    2.5602091045e+02   -4.1802949990e-10    2.5602390569e+02    2.5602091593e+02    2.2737367544e-12
2120.0000000    1.0600000000e+03    4.1070212354e+01    9.7490358131e-01    9.0391698388e-01    6.7721677760e-01    3.5458232146e-09   -8.6899622244e-07    6.9465000497e-01    6.8835310965e-01    2.8766345321e-04    5.6712736736e-05   -2.8201760183e-04    8.1539535063e-09    2.5602410181e+02    2.5602052055e+02    2.0771684373e-10    2.5602405058e+02    2.5602051020e+02   -2.2457036231e-12
2122.0000000    1.0610000000e+03    4.1081951043e+01    9.7507359414e-01    9.0404615343e-01    6.7744417715e-01    1.2340948912e-08   -8.2377608198e-07    6.9476209921e-01    6.8845325720e-01    2.8996186202e-04    6.3046840736e-05   -2.8302469371e-04    7.3509659687e-09    2.5602416252e+02    2.5602010578e+02   -1.0700162978e-11    2.5602420778e+02    2.5602008551e+02   -7.8936857051e-13
2124.0000000    1.0620000000e+03    4.1093636473e+01    9.7524311188e-01    9.0417471862e-01    6.7767175300e-01    3.3982698219e-09   -8.4477865156e-07    6.9487468791e-01    6.8854433199e-01    3.0021865032e-04    7.0037565134e-05   -2.9193488557e-04    7.7382877640e-09    2.5602437728e+02    2.5601964184e+02    6.6427419121e-12    2.5602439086e+02    2.5601963068e+02   -3.9244163474e-12
2126.0000000    1.0630000000e+03    4.1105488195e+01    9.7541333899e-01    9.0430509470e-01    6.7789535948e-01   -2.1614694935e-08   -8.6904181090e-07    6.9498266261e-01    6.8866413674e-01    3.0814710299e-04    7.3918163116e-05   -2.9915003288e-04    8.2461626156e-09    2.5602459982e+02    2.5601914571e+02   -1.1650846954e-11    2.5602454909e+02    2.5601916434e+02    3.5774716522e-12
2128.0000000    1.0640000000e+03    4.1117030311e+01    9.7558078227e-01    9.0443204688e-01    6.7812022970e-01   -2.3706257395e-08   -8.3478508473e-07    6.9509387846e-01    6.8876123767e-01    3.1965558095e-04    8.1070933666e-05   -3.0920413013e-04    7.6213846970e-09    2.5602468246e+02    2.5601868649e+02    2.1716295429e-11    2.5602469707e+02    2.5601870013e+02    3.0107027982e-12
2130.0000000    1.0650000000e+03    4.1128566988e+01    9.7574751605e-01    9.0455892141e-01    6.7834234556e-01   -2.0268110987e-08   -8.3032873104e-07    6.9520273883e-01    6.8885875774e-01    3.2967620155e-04    8.7087138936e-05   -3.1796576552e-04    7.5102659074e-09    2.5602483482e+02    2.5601823807e+02   -5.6247229097e-12    2.5602487244e+02    2.5601825628e+02    2.5329183195e-12
2132.0000000    1.0660000000e+03    4.1140022656e+01    9.7591325619e-01    9.0468488745e-01    6.7856368680e-01    5.8480486360e-10   -8.6347971552e-07    6.9531147619e-01    6.8899093645e-01    3.3755056387e-04    9.4089313907e-05   -3.2417215197e-04    8.0784403750e-09    2.5602507519e+02    2.5601783278e+02    2.1441182163e-12    2.5602504792e+02    2.5601782577e+02   -6.0240701316e-13
2134.0000000    1.0670000000e+03    4.1151371450e+01    9.7607793905e-01    9.0480966101e-01    6.7878507115e-01    1.5561608853e-08   -8.5304996232e-07    6.9542097408e-01    6.8911759746e-01    3.4226319635e-04    1.0111285532e-04   -3.2698667557e-04    7.8064360462e-09    2.5602522350e+02    2.5601740859e+02   -6.3952731999e-12    2.5602520757e+02    2.5601738450e+02   -1.0549339180e-12
2136.0000000    1.0680000000e+03    4.1162646427e+01    9.7624199401e-01    9.0493360596e-01    6.7900692740e-01    7.6177690801e-09   -8.3080727467e-07    6.9553136576e-01    6.8921904327e-01    3.4456714384e-04    1.0692703946e-04   -3.2755629256e-04    7.5051735954e-09    2.5602535141e+02    2.5601693249e+02    1.1753376050e-12    2.5602539665e+02    2.5601691680e+02   -2.2365442831e-12
2138.0000000    1.0690000000e+03    4.1173973837e+01    9.7640646327e-01    9.0505811021e-01    6.7922836427e-01   -1.3211888823e-08   -8.6580095175e-07    6.9564099565e-01    6.8932308877e-01    3.4464606231e-04    1.1293160539e-04   -3.2561842808e-04    8.0554007189e-09    2.5602561515e+02    2.5601642265e+02   -4.1472381085e-12    2.5602559295e+02    2.5601643215e+02    1.8965384818e-12
2140.0000000    1.0700000000e+03    4.1185097676e+01    9.7656965757e-01    9.0518036026e-01    6.7945298306e-01   -2.3048458384e-08   -8.6080938789e-07    6.9575475522e-01    6.8943839906e-01    3.4863060200e-04    1.1325349331e-04   -3.2972252401e-04    8.0152284471e-09    2.5602579647e+02    2.5601593057e+02    1.1344314377e-11    2.5602576179e+02    2.5601595164e+02    1.7493784199e-12
2142.0000000    1.0710000000e+03    4.1196285894e+01    9.7673345928e-01    9.0530330118e-01    6.7967749645e-01   -1.5920677301e-08   -8.2280952388e-07    6.9586793613e-01    6.8954211380e-01    3.4954693753e-04    1.1424799034e-04   -3.3034899453e-04    7.3371490775e-09    2.5602590316e+02    2.5601547527e+02   -2.6780244688e-12    2.5602595315e+02    2.5601548652e+02    1.7600365609e-12
2144.0000000    1.0720000000e+03    4.1207516204e+01    9.7689805189e-01    9.0542668784e-01    6.7990362086e-01   -1.4818395855e-10   -8.5024306338e-07    6.9598216471e-01    6.8965171048e-01    3.5161413581e-04    1.1597206894e-04   -3.3193821664e-04    7.8063375000e-09    2.5602616705e+02    2.5601503679e+02    1.9285129049e-12    2.5602616573e+02    2.5601502662e+02    2.5136559501e-12
2146.0000000    1.0730000000e+03    4.1218799411e+01    9.7706355028e-01    9.0555063874e-01    6.8013138907e-01    5.4917123621e-09   -8.6068314685e-07    6.9609739190e-01    6.8978188146e-01    3.5316689227e-04    1.1732034393e-04   -3.3311077832e-04    8.0007129559e-09    2.5602639953e+02    2.5601457194e+02    4.0102365872e-12    2.5602635886e+02    2.5601455641e+02   -3.9859227030e-12
2148.0000000    1.0740000000e+03    4.1230146482e+01    9.7723006321e-01    9.0567527411e-01    6.8036080153e-01   -2.2524715522e-10   -8.2792416411e-07    6.9621353983e-01    6.8990678473e-01    3.5389697853e-04    1.1907133713e-04   -3.3326429157e-04    7.3695594731e-09    2.5602653253e+02    2.5601407587e+02   -1.7738699398e-11    2.5602657506e+02    2.5601407077e+02   -4.0250025535e-12
2150.0000000    1.0750000000e+03    4.1241584066e+01    9.7739779183e-01    9.0580088630e-01    6.8059159251e-01   -9.4213248981e-09   -8.5484735186e-07    6.9633019247e-01    6.9001989032e-01    3.5429284507e-04    1.2202502498e-04   -3.3261586445e-04    7.9033247056e-09    2.5602681435e+02    2.5601356971e+02    2.3964163987e-12    2.5602680570e+02    2.5601357632e+02    2.7199908992e-12
2152.0000000    1.0760000000e+03    4.1253093960e+01    9.7756646694e-01    9.0592727506e-01    6.8082338592e-01   -1.5036787315e-08   -8.6108137792e-07    6.9644715623e-01    6.9013427390e-01    3.5399969302e-04    1.2576834069e-04   -3.3090498194e-04    8.0511772787e-09    2.5602705078e+02    2.5601307305e+02    1.6249057655e-11    2.5602702634e+02    2.5601308219e+02    2.8180791034e-12
2154.0000000    1.0770000000e+03    4.1264676097e+01    9.7773605542e-01    9.0605443931e-01    6.8105604530e-01   -1.4483158007e-08   -8.4248574665e-07    6.9656431460e-01    6.9024754291e-01    3.5347701773e-04    1.3016221484e-04   -3.2863931571e-04    7.6999603178e-09    2.5602723698e+02    2.5601258838e+02   -3.7307379408e-12    2.5602725981e+02    2.5601259541e+02   -1.0881406887e-11
2156.0000000    1.0780000000e+03    4.1276340837e+01    9.7790658423e-01    9.0618249245e-01    6.8128925169e-01   -7.5232807338e-09   -8.5615321705e-07    6.9668132179e-01    6.9035692802e-01    3.5338958266e-04    1.3540144669e-04   -3.2642096334e-04    7.9250938737e-09    2.5602750609e+02    2.5601211599e+02   -3.8378467071e-11    2.5602749264e+02    2.5601211382e+02   -1.1353362694e-11
2158.0000000    1.0790000000e+03    4.1288056746e+01    9.7807774032e-01    9.0631108910e-01    6.8152299810e-01    1.8702171679e-10   -8.4419832221e-07    6.9679839342e-01    6.9047333091e-01    3.5385695420e-04    1.4087707376e-04   -3.2460498158e-04    7.7601807801e-09    2.5602772484e+02    2.5601163741e+02    1.4022116801e-12    2.5602773185e+02    2.5601162677e+02    1.8756607378e-11
2160.0000000    1.0800000000e+03    4.1299829039e+01    9.7824956463e-01    9.0644028625e-01    6.8175724021e-01   -1.1441615237e-09   -8.4585014437e-07    6.9691545476e-01    6.9059809509e-01    3.5515326240e-04    1.4579819732e-04   -3.2384676221e-04    7.7755543193e-09    2.5602797745e+02    2.5601113427e+02    7.9448503332e-11    2.5602798255e+02    2.5601112760e+02   -1.1750156403e-11
2162.0000000    1.0810000000e+03    4.1311635709e+01    9.7842180642e-01    9.0656984220e-01    6.8199183898e-01    2.1332267927e-07   -7.3850991497e-07    6.9703254210e-01    6.9072135824e-01    3.5655908485e-04    1.4977891476e-04   -3.2357480996e-04    6.4766782553e-09    2.5602797745e+02    2.5601113427e+02    7.9448503332e-11    2.5602821798e+02    2.5601062226e+02    2.2204460493e-16
2164.0000000    1.0820000000e+03    4.1323489020e+01    9.7859456305e-01    9.0669989132e-01    6.8222669397e-01   -9.6380211527e-09   -8.2465980934e-07    6.9714948328e-01    6.9084168534e-01    3.5974273729e-04    1.5239730477e-04   -3.2586791570e-04    7.3960721549e-09    2.5602843813e+02    2.5601011076e+02    5.4007742721e-11    2.5602849829e+02    2.5601011118e+02   -1.5110135365e-13
2166.0000000    1.0830000000e+03    4.1335365429e+01    9.7876756346e-01    9.0683017515e-01    6.8246164411e-01   -1.5013272804e-08   -8.7739567196e-07    6.9726630671e-01    6.9095957555e-01    3.6243762895e-04    1.5482981321e-04   -3.2770224862e-04    8.3593851771e-09    2.5602882349e+02    2.5600959436e+02   -1.2204126598e-11    2.5602876169e+02    2.5600960799e+02    1.4688250616e-13
2168.0000000    1.0840000000e+03    4.1347238778e+01    9.7894054429e-01    9.0696040671e-01    6.8269666951e-01   -4.3445964649e-09   -8.4198822369e-07    6.9738317969e-01    6.9107516222e-01    3.6434876309e-04    1.5645760132e-04   -3.2904565047e-04    7.7194716999e-09    2.5602900818e+02    2.5600911269e+02    8.9417362403e-13    2.5602902287e+02    2.5600910858e+02    6.9366734579e-13
2170.0000000    1.0850000000e+03    4.1359126391e+01    9.7911366917e-01    9.0709077599e-01    6.8293173807e-01   -7.9158335609e-10   -8.4221974268e-07    6.9749995283e-01    6.9118870576e-01    3.6578136285e-04    1.5746832241e-04   -3.3015107570e-04    7.7189829736e-09    2.5602928181e+02    2.5600861296e+02    1.4892531652e-12    2.5602929137e+02    2.5600860619e+02    7.8670403525e-13
2172.0000000    1.0860000000e+03    4.1371024990e+01    9.7928690577e-01    9.0722124699e-01    6.8316685028e-01   -1.9591186596e-09   -8.4551978876e-07    6.9761664968e-01    6.9130279213e-01    3.6642176936e-04    1.5802475970e-04   -3.3059505187e-04    7.7828063751e-09    2.5602956720e+02    2.5600810080e+02    4.2599257455e-13    2.5602957008e+02    2.5600809642e+02    1.2405076966e-12
2174.0000000    1.0870000000e+03    4.1382927604e+01    9.7946019530e-01    9.0735174325e-01    6.8340204886e-01   -6.3820845561e-09   -8.4944985287e-07    6.9773335572e-01    6.9142304166e-01    3.6618145370e-04    1.5841817242e-04   -3.3014018177e-04    7.8628717556e-09    2.5602985899e+02    2.5600757927e+02    2.0550783297e-12    2.5602985807e+02    2.5600757939e+02    1.3068435223e-12
2176.0000000    1.0880000000e+03    4.1394824978e+01    9.7963347678e-01    9.0748216331e-01    6.8363746231e-01   -1.1234049644e-08   -8.5306851608e-07    6.9785024554e-01    6.9154508882e-01    3.6526292538e-04    1.5878328780e-04   -3.2894508981e-04    7.9327685341e-09    2.5603015535e+02    2.5600705511e+02    9.8571151241e-13    2.5603014973e+02    2.5600706057e+02    1.3757883721e-12
2178.0000000    1.0890000000e+03    4.1406718928e+01    9.7980675379e-01    9.0761252709e-01    6.8387302964e-01   -1.1405400182e-08   -8.5218310572e-07    6.9796725425e-01    6.9166261415e-01    3.6423065142e-04    1.5921744082e-04   -3.2758781099e-04    7.9253156945e-09    2.5603044505e+02    2.5600653995e+02    1.4473422461e-12    2.5603043977e+02    2.5600654494e+02    1.2780887459e-12
2180.0000000    1.0900000000e+03    4.1418614663e+01    9.7998005060e-01    9.0774289171e-01    6.8410863607e-01   -7.2019405039e-09   -8.4692618307e-07    6.9808424738e-01    6.9177580124e-01    3.6344782979e-04    1.5982359903e-04   -3.2642111162e-04    7.8373911831e-09    2.5603072820e+02    2.5600603250e+02    1.0137446438e-12    2.5603073141e+02    2.5600603282e+02    1.2534417948e-12
2182.0000000    1.0910000000e+03    4.1430510582e+01    9.8015336465e-01    9.0787323963e-01    6.8434433735e-01   -2.2960765894e-09   -8.4558865972e-07    6.9820128363e-01    6.9189146168e-01    3.6296402270e-04    1.6060347876e-04   -3.2549870095e-04    7.8135891550e-09    2.5603102465e+02    2.5600552422e+02    1.3018475187e-12    2.5603102508e+02    2.5600551959e+02    1.4830914274e-12
2184.0000000    1.0920000000e+03    4.1442408167e+01    9.8032671797e-01    9.0800358709e-01    6.8458016465e-01   -1.0194961040e-09   -8.4228463149e-07    6.9831837906e-01    6.9201350831e-01    3.6263303791e-04    1.6132436149e-04   -3.2477249039e-04    7.7617445787e-09    2.5603132078e+02    2.5600500524e+02    1.9670376439e-12    2.5603132813e+02    2.5600499920e+02    2.0273782653e-12
2186.0000000    1.0930000000e+03    4.1454309615e+01    9.8050014303e-01    9.0813395816e-01    6.8481616331e-01   -5.3457084390e-09   -8.4739165738e-07    6.9843555677e-01    6.9213608434e-01    3.6248848078e-04    1.6189934556e-04   -3.2432468383e-04    7.8651012023e-09    2.5603164054e+02    2.5600447165e+02    2.8863023083e-12    2.5603164084e+02    2.5600447029e+02    2.2335466809e-12
2188.0000000    1.0940000000e+03    4.1466209095e+01    9.8067359360e-01    9.0826428895e-01    6.8505238087e-01   -1.1260131677e-08   -8.5261486447e-07    6.9855289806e-01    6.9225515300e-01    3.6242324034e-04    1.6221470225e-04   -3.2409411511e-04    7.9678143423e-09    2.5603196323e+02    2.5600393286e+02    2.1015966745e-12    2.5603195581e+02    2.5600393790e+02    2.4747981442e-12
2190.0000000    1.0950000000e+03    4.1478110069e+01    9.8084710493e-01    9.0839461741e-01    6.8528882162e-01   -1.2758975129e-08   -8.5152572544e-07    6.9867038214e-01    6.9236973284e-01    3.6229955832e-04    1.6229391274e-04   -3.2391612461e-04    7.9618471477e-09    2.5603227304e+02    2.5600340203e+02    2.7511326550e-12    2.5603226461e+02    2.5600340788e+02    3.1000757517e-12
2192.0000000    1.0960000000e+03    4.1490015747e+01    9.8102069896e-01    9.0852497868e-01    6.8552544450e-01   -9.1847243697e-09   -8.4276714611e-07    6.9878795139e-01    6.9248558236e-01    3.6196618252e-04    1.6203947939e-04   -3.2367070357e-04    7.8049060253e-09    2.5603256721e+02    2.5600288023e+02    4.1093795033e-12    2.5603258109e+02    2.5600288123e+02    3.1927793742e-12
2194.0000000    1.0970000000e+03    4.1501927008e+01    9.8119437426e-01    9.0865538236e-01    6.8576220692e-01   -4.8036124152e-09   -8.5160466135e-07    6.9890556337e-01    6.9260691392e-01    3.6149537550e-04    1.6152444066e-04   -3.2340185763e-04    7.9690342459e-09    2.5603290527e+02    2.5600235796e+02    2.7529090119e-12    2.5603289432e+02    2.5600235339e+02    3.3423264156e-12
2196.0000000    1.0980000000e+03    4.1513841032e+01    9.8136811689e-01    9.0878579757e-01    6.8599916722e-01   -4.3287679228e-09   -8.4287472901e-07    6.9902328740e-01    6.9272566546e-01    3.6084514460e-04    1.6066926987e-04   -3.2310153828e-04    7.8105115006e-09    2.5603320429e+02    2.5600182435e+02    3.5487168759e-12    2.5603321301e+02    2.5600181948e+02   -3.9895864390e-13
2198.0000000    1.0990000000e+03    4.1525763871e+01    9.8154199675e-01    9.0891629054e-01    6.8623636837e-01   -7.9866145975e-09   -8.4770416611e-07    6.9914111738e-01    6.9284194164e-01    3.6010019620e-04    1.5957272129e-04   -3.2281372006e-04    7.9069697118e-09    2.5603353717e+02    2.5600127949e+02   -8.0310758044e-12    2.5603353784e+02    2.5600127943e+02   -4.3121062276e-13
2200.0000000    1.1000000000e+03    4.1537688968e+01    9.8171595589e-01    9.0904678949e-01    6.8647383829e-01   -1.1402618699e-08   -8.5150662939e-07    6.9925912294e-01    6.9296306916e-01    3.5925839890e-04    1.5822118427e-04   -3.2254093378e-04    7.9894973831e-09    2.5603386879e+02    2.5600073324e+02    3.2455704790e-12    2.5603385878e+02    2.5600073716e+02    3.8542502523e-12
2202.0000000    1.1010000000e+03    4.1549619936e+01    9.8189001408e-01    9.0917733394e-01    6.8671151030e-01   -1.1391086757e-08   -8.4455018706e-07    6.9937722194e-01    6.9308242042e-01    3.5828706043e-04    1.5670133624e-04   -3.2220227937e-04    7.8711498404e-09    2.5603417585e+02    2.5600019267e+02    1.2457423981e-11    2.5603418042e+02    2.5600019627e+02    4.0718539651e-12
2204.0000000    1.1020000000e+03    4.1561560365e+01    9.8206420142e-01    9.0930796315e-01    6.8694936225e-01   -8.3465449705e-09   -8.4567794714e-07    6.9949537032e-01    6.9319623415e-01    3.5726735526e-04    1.5507844202e-04   -3.2185499824e-04    7.8971353823e-09    2.5603450276e+02    2.5599965677e+02    2.2160051572e-13    2.5603450618e+02    2.5599965674e+02    3.8656300383e-12
2206.0000000    1.1030000000e+03    4.1573505503e+01    9.8223848295e-01    9.0943862509e-01    6.8718744383e-01   -5.1887760709e-09   -8.4924311775e-07    6.9961364349e-01    6.9331289255e-01    3.5618396303e-04    1.5332547688e-04   -3.2149387801e-04    7.9677062023e-09    2.5603483605e+02    2.5599911858e+02    3.2355784718e-12    2.5603482620e+02    2.5599911571e+02    3.8943293035e-12
2208.0000000    1.1040000000e+03    4.1585456481e+01    9.8241286404e-01    9.0956933214e-01    6.8742573076e-01   -3.9950016930e-09   -8.4030160110e-07    6.9973201280e-01    6.9343764711e-01    3.5497489312e-04    1.5132654993e-04   -3.2110348795e-04    7.8073070673e-09    2.5603514048e+02    2.5599857316e+02    4.1579517607e-12    2.5603514867e+02    2.5599857056e+02    4.0561998205e-12
2210.0000000    1.1050000000e+03    4.1597418290e+01    9.8258739223e-01    9.0970013883e-01    6.8766421629e-01   -4.6368979380e-09   -8.4330659447e-07    6.9985043745e-01    6.9356478943e-01    3.5371902851e-04    1.4912910820e-04   -3.2074547566e-04    7.8727331963e-09    2.5603547360e+02    2.5599802130e+02    4.3512415893e-12    2.5603547394e+02    2.5599802103e+02   -4.8772097472e-13
2212.0000000    1.1060000000e+03    4.1609386634e+01    9.8276203705e-01    9.0983099817e-01    6.8790295000e-01   -5.4066108927e-09   -8.4441370197e-07    6.9996898950e-01    6.9368346106e-01    3.5239465570e-04    1.4673088457e-04   -3.2039357175e-04    7.9052936072e-09    2.5603580201e+02    2.5599746712e+02   -9.7374330821e-12    2.5603579966e+02    2.5599746833e+02    4.1099901260e-12
2214.0000000    1.1070000000e+03    4.1621361184e+01    9.8293678998e-01    9.0996190653e-01    6.8814190961e-01   -5.4619174495e-09   -8.4392140100e-07    7.0008765226e-01    6.9379473599e-01    3.5104480363e-04    1.4417338560e-04   -3.2007263079e-04    7.9069160724e-09    2.5603612583e+02    2.5599691248e+02    1.7849333123e-11    2.5603612406e+02    2.5599691372e+02   -4.5685677463e-13
2216.0000000    1.1080000000e+03    4.1633340767e+01    9.8311163900e-01    9.1009285106e-01    6.8838109312e-01   -4.7008990099e-09   -8.4279390069e-07    7.0020643212e-01    6.9391159108e-01    3.4967172027e-04    1.4145744662e-04   -3.1978133575e-04    7.8947618165e-09    2.5603644714e+02    2.5599635719e+02   -1.4188261677e-11    2.5603644720e+02    2.5599635701e+02    3.8298253457e-12
2218.0000000    1.1090000000e+03    4.1645328024e+01    9.8328661229e-01    9.1022386064e-01    6.8862050954e-01   -4.3596134610e-09   -8.4234884418e-07    7.0032531810e-01    6.9403524016e-01    3.4825539768e-04    1.3854540588e-04   -3.1951055141e-04    7.8942661765e-09    2.5603676908e+02    2.5599579819e+02    1.6970036487e-11    2.5603677038e+02    2.5599579674e+02    4.3759440516e-12
2220.0000000    1.1100000000e+03    4.1657323881e+01    9.8346171729e-01    9.1035494532e-01    6.8886015194e-01   -5.6222801704e-09   -8.4356128182e-07    7.0044429776e-01    6.9415620591e-01    3.4677361433e-04    1.3537558533e-04   -3.1925756127e-04    7.9255182781e-09    2.5603709361e+02    2.5599523292e+02    1.1814993428e-12    2.5603709436e+02    2.5599523178e+02   -5.7376325913e-13
2222.0000000    1.1110000000e+03    4.1669327715e+01    9.8363694342e-01    9.1048609827e-01    6.8910000155e-01   -8.2790193447e-09   -8.4603730474e-07    7.0056335944e-01    6.9427295404e-01    3.4524835758e-04    1.3194617624e-04   -3.1904017760e-04    7.9809468062e-09    2.5603741912e+02    2.5599466212e+02   -1.1019296586e-11    2.5603741776e+02    2.5599466269e+02   -5.9069416025e-13
2224.0000000    1.1120000000e+03    4.1681338518e+01    9.8381228497e-01    9.1061730847e-01    6.8934007600e-01   -1.0632212915e-08   -8.4787621160e-07    7.0068252504e-01    6.9439126917e-01    3.4370775378e-04    1.2833193883e-04   -3.1885095800e-04    8.0252299606e-09    2.5603774058e+02    2.5599408948e+02    4.3251513482e-12    2.5603773185e+02    2.5599409165e+02    5.6118443226e-12
2226.0000000    1.1130000000e+03    4.1693353584e+01    9.8398772175e-01    9.1074854632e-01    6.8958040195e-01   -1.0931334316e-08   -8.4013281111e-07    7.0080183595e-01    6.9451499413e-01    3.4212231223e-04    1.2456202196e-04   -3.1864083096e-04    7.8887988563e-09    2.5603803665e+02    2.5599351865e+02    1.8033852189e-11    2.5603804403e+02    2.5599352068e+02    5.8152371807e-12
2228.0000000    1.1140000000e+03    4.1705378121e+01    9.8416329504e-01    9.1087986869e-01    6.8982093797e-01   -9.0689257351e-09   -8.4259978343e-07    7.0092122053e-01    6.9464042148e-01    3.4051117357e-04    1.2066450918e-04   -3.1841472247e-04    7.9417726362e-09    2.5603835427e+02    2.5599294977e+02    1.9484414082e-14    2.5603835681e+02    2.5599294992e+02    6.8997030311e-12
2230.0000000    1.1150000000e+03    4.1717411026e+01    9.8433899059e-01    9.1101126350e-01    6.9006166958e-01   -6.5464005165e-09   -8.4559383109e-07    7.0104067418e-01    6.9476079793e-01    3.3882288530e-04    1.1656813935e-04   -3.1813961782e-04    8.0045822227e-09    2.5603867022e+02    2.5599237937e+02    8.8652418739e-12    2.5603866373e+02    2.5599237769e+02    7.3839268033e-12
2232.0000000    1.1160000000e+03    4.1729448837e+01    9.8451477908e-01    9.1114269292e-01    6.9030261652e-01   -4.9135067141e-09   -8.4096733796e-07    7.0116023770e-01    6.9487631419e-01    3.3704611734e-04    1.1224941610e-04   -3.1780521351e-04    7.9264891404e-09    2.5603896478e+02    2.5599180401e+02    7.2679084973e-12    2.5603896551e+02    2.5599180209e+02   -8.6364249086e-13
2234.0000000    1.1170000000e+03    4.1741490425e+01    9.8469067142e-01    9.1127414462e-01    6.9054387062e-01   -4.5172251174e-09   -8.3907458540e-07    7.0127999651e-01    6.9499200616e-01    3.3529600423e-04    1.0795006715e-04   -3.1744321286e-04    7.9011373017e-09    2.5603926215e+02    2.5599122310e+02   -1.7843004851e-11    2.5603926525e+02    2.5599122235e+02    7.6743056354e-12
2236.0000000    1.1180000000e+03    4.1753560511e+01    9.8486691959e-01    9.1140588838e-01    6.9078547066e-01   -4.5064535703e-09   -8.4035539554e-07    7.0139981039e-01    6.9511060278e-01    3.3345965347e-04    1.0528483013e-04   -3.1640234666e-04    7.9278814772e-09    2.5603956295e+02    2.5599063850e+02    3.2997771182e-11    2.5603956142e+02    2.5599063900e+02    7.7624573436e-12
2238.0000000    1.1190000000e+03    4.1765611127e+01    9.8504294213e-01    9.1153740064e-01    6.9102695410e-01   -4.7094382754e-09   -8.3869551030e-07    7.0151962371e-01    6.9523385597e-01    3.3100367066e-04    1.0072299790e-04   -3.1530668820e-04    7.9144520295e-09    2.5603985402e+02    2.5599005203e+02   -5.9918736639e-13    2.5603985372e+02    2.5599005346e+02    8.6959328627e-12
2240.0000000    1.1200000000e+03    4.1777847489e+01    9.8522074837e-01    9.1167092059e-01    6.9126830287e-01   -4.4453605379e-09   -8.3892725112e-07    7.0163798724e-01    6.9536055305e-01    3.3147828493e-04    9.8754241653e-05   -3.1642606257e-04    7.9347734520e-09    2.5604014215e+02    2.5598946573e+02    1.0474732193e-11    2.5604013598e+02    2.5598946749e+02    9.4247387672e-12
2242.0000000    1.1210000000e+03    4.1789899985e+01    9.8539671269e-01    9.1180241513e-01    6.9150952271e-01   -1.9697950520e-09   -8.3099932811e-07    7.0175748894e-01    6.9548390496e-01    3.2898039343e-04    9.7826199360e-05   -3.1409892378e-04    7.8015119321e-09    2.5604040821e+02    2.5598888109e+02    9.9488750571e-12    2.5604042382e+02    2.5598887706e+02    9.8453467601e-12
2244.0000000    1.1220000000e+03    4.1801945784e+01    9.8557266897e-01    9.1193381766e-01    6.9175101106e-01   -5.1112048884e-09   -8.4398690676e-07    7.0187722614e-01    6.9560228288e-01    3.2466124877e-04    9.8378993471e-05   -3.0939699422e-04    8.0614030147e-09    2.5604071725e+02    2.5598828218e+02    9.9577568413e-12    2.5604070465e+02    2.5598828170e+02    1.0191958388e-11
2246.0000000    1.1230000000e+03    4.1813944939e+01    9.8574839413e-01    9.1206469255e-01    6.9199347164e-01   -7.5519237851e-09   -8.4092848624e-07    7.0199807147e-01    6.9571616900e-01    3.1718860925e-04    1.0022302780e-04   -3.0093846293e-04    8.0067745732e-09    2.5604097846e+02    2.5598768139e+02    1.0464573652e-11    2.5604097779e+02    2.5598768353e+02   -1.2081446954e-12
2248.0000000    1.1240000000e+03    4.1825929983e+01    9.8592415992e-01    9.1219539479e-01    6.9223670531e-01   -8.5395841448e-09   -8.4383979689e-07    7.0211962892e-01    6.9583141461e-01    3.0509687831e-04    1.0297316125e-04   -2.8719441699e-04    8.0540426221e-09    2.5604124325e+02    2.5598708256e+02   -2.4354962491e-11    2.5604124038e+02    2.5598708662e+02    1.1309064796e-11
2250.0000000    1.1250000000e+03    4.1837890382e+01    9.8609998200e-01    9.1232580960e-01    6.9248120718e-01   -9.3755881619e-09   -8.4206708063e-07    7.0224238903e-01    6.9595386563e-01    2.8823828848e-04    1.0566280726e-04   -2.6817285852e-04    8.0622348754e-09    2.5604149242e+02    2.5598649097e+02    4.7743586862e-11    2.5604149082e+02    2.5598649399e+02    1.1866230221e-11
2252.0000000    1.1260000000e+03    4.1849836822e+01    9.8627606507e-01    9.1245605359e-01    6.9272739260e-01   -1.1420674066e-08   -8.3815392141e-07    7.0236662648e-01    6.9608140576e-01    2.6839254898e-04    1.0731692125e-04   -2.4600333067e-04    8.0156979500e-09    2.5604172910e+02    2.5598590564e+02    4.6335157933e-13    2.5604173122e+02    2.5598590737e+02    1.2218115408e-11
2254.0000000    1.1270000000e+03    4.1861796790e+01    9.8645275139e-01    9.1258642644e-01    6.9297556373e-01   -1.3489762002e-08   -8.3566574299e-07    7.0249240297e-01    6.9620727594e-01    2.4976135426e-04    1.0853169638e-04   -2.2494800488e-04    7.9148260593e-09    2.5604196161e+02    2.5598532677e+02    1.2364720359e-11    2.5604196384e+02    2.5598532663e+02   -1.4623857680e-12
2256.0000000    1.1280000000e+03    4.1873808525e+01    9.8663049181e-01    9.1271734486e-01    6.9322603701e-01   -1.4505154527e-08   -8.3333910862e-07    7.0261971707e-01    6.9632855084e-01    2.3660348704e-04    1.1182148209e-04   -2.0851178902e-04    7.8521711164e-09    2.5604218867e+02    2.5598475175e+02   -2.9175273308e-11    2.5604219102e+02    2.5598475060e+02    5.4591886567e-12
2258.0000000    1.1290000000e+03    4.1885919047e+01    9.8680986235e-01    9.1284932097e-01    6.9347929294e-01   -1.5870341517e-08   -8.3272993909e-07    7.0274864429e-01    6.9645183482e-01    2.3082293734e-04    1.1923100742e-04   -1.9764411251e-04    7.8753256442e-09    2.5604241274e+02    2.5598417929e+02    3.2982838682e-11    2.5604241390e+02    2.5598418267e+02    5.7225890693e-12
2260.0000000    1.1300000000e+03    4.1897984068e+01    9.8699065117e-01    9.1298078224e-01    6.9374033510e-01   -1.3045648506e-08   -8.3237727955e-07    7.0288440350e-01    6.9658491047e-01    2.3951310101e-04    1.4068046182e-04   -1.9384409497e-04    7.9208900116e-09    2.5604263251e+02    2.5598362283e+02   -6.7218453026e-13    2.5604263497e+02    2.5598362198e+02   -6.9844130479e-13
2262.0000000    1.1310000000e+03    4.1910605652e+01    9.8717655558e-01    9.1311828762e-01    6.9400000559e-01   -1.5187267834e-08   -8.4081334573e-07    7.0301508040e-01    6.9672789304e-01    2.4381422807e-04    1.5350609528e-04   -1.8942348443e-04    8.0914748391e-09    2.5604285420e+02    2.5598306854e+02   -1.3803902466e-11    2.5604283381e+02    2.5598307540e+02   -7.2297723364e-13
2264.0000000    1.1320000000e+03    4.1923125118e+01    9.8736268417e-01    9.1325466002e-01    6.9426479607e-01   -1.1156243172e-08   -8.2518484216e-07    7.0315073398e-01    6.9686780084e-01    2.4708622821e-04    1.6856161434e-04   -1.8066152409e-04    7.7534609861e-09    2.5604301043e+02    2.5598254292e+02    5.6489812827e-12    2.5604302523e+02    2.5598254417e+02    6.6763261586e-12
2266.0000000    1.1330000000e+03    4.1935811201e+01    9.8755111123e-01    9.1339282658e-01    6.9453238721e-01   -9.3230489077e-09   -8.3118306073e-07    7.0328753552e-01    6.9700417412e-01    2.4482509946e-04    1.8022339204e-04   -1.6570714597e-04    7.8397526934e-09    2.5604320922e+02    2.5598202830e+02    2.1499468872e-11    2.5604320668e+02    2.5598202911e+02   -7.8614892374e-13
2268.0000000    1.1340000000e+03    4.1948630505e+01    9.8774124491e-01    9.1353242285e-01    6.9480167740e-01   -8.2957441685e-09   -8.2881585341e-07    7.0342478962e-01    6.9713420424e-01    2.3337217355e-04    1.8561321239e-04   -1.4145779128e-04    7.8038364867e-09    2.5604337817e+02    2.5598153021e+02   -2.3110402481e-11    2.5604337842e+02    2.5598152784e+02   -8.2467366269e-13
2270.0000000    1.1350000000e+03    4.1961559053e+01    9.8793272784e-01    9.1367318713e-01    6.9507215740e-01   -1.1954819392e-08   -8.2730344374e-07    7.0356223436e-01    6.9725962236e-01    2.1247685670e-04    1.8341168885e-04   -1.0726866722e-04    7.6740084226e-09    2.5604354043e+02    2.5598104036e+02    6.5607519417e-12    2.5604354048e+02    2.5598104336e+02    6.6086580652e-12
2272.0000000    1.1360000000e+03    4.1974580602e+01    9.8812550562e-01    9.1381494209e-01    6.9534426308e-01   -1.1001447819e-08   -8.2722499604e-07    7.0370034891e-01    6.9738738641e-01    1.8729179921e-04    1.7526749929e-04   -6.6026674029e-05    7.6698012186e-09    2.5604369288e+02    2.5598057567e+02    2.1513846260e-11    2.5604369306e+02    2.5598058088e+02    6.8295369360e-12
2274.0000000    1.1370000000e+03    4.1987698399e+01    9.8831985880e-01    9.1395772258e-01    6.9561902938e-01   -1.5810682722e-08   -8.2986828188e-07    7.0383997972e-01    6.9752376072e-01    1.6778548764e-04    1.6619118181e-04   -2.3075114097e-05    7.7883872832e-09    2.5604383614e+02    2.5598014039e+02   -1.6203705044e-13    2.5604383456e+02    2.5598014673e+02    7.1808115010e-12
2276.0000000    1.1380000000e+03    4.2000937787e+01    9.8851627552e-01    9.1410180391e-01    6.9589745508e-01   -1.8726929337e-08   -8.2874928428e-07    7.0398178797e-01    6.9766876837e-01    1.6389323725e-04    1.6299018190e-04    1.7181203690e-05    7.6957035926e-09    2.5604396498e+02    2.5597974092e+02    7.6624817602e-12    2.5604396273e+02    2.5597974610e+02    8.0214723752e-12
2278.0000000    1.1390000000e+03    4.2014339033e+01    9.8871531710e-01    9.1424762359e-01    6.9618023659e-01   -1.5939232328e-08   -8.2063207636e-07    7.0412607608e-01    6.9781841806e-01    1.7867352424e-04    1.7059521235e-04    5.3117809912e-05    7.5717846559e-09    2.5604407757e+02    2.5597937899e+02    9.3515195587e-12    2.5604408256e+02    2.5597937896e+02    8.3803519679e-12
2280.0000000    1.1400000000e+03    4.2027947564e+01    9.8891753700e-01    9.1439567494e-01    6.9646782901e-01   -1.3188656394e-08   -8.1589116759e-07    7.0427290745e-01    6.9796739391e-01    2.0749838736e-04    1.8921208035e-04    8.5172585668e-05    7.5750187538e-09    2.5604419406e+02    2.5597904530e+02    8.2574502791e-12    2.5604419942e+02    2.5597904171e+02    8.7281293304e-12
2282.0000000    1.1410000000e+03    4.2041800411e+01    9.8912336116e-01    9.1454635967e-01    6.9676049954e-01   -1.3943077756e-08   -8.1640584074e-07    7.0442224590e-01    6.9812075166e-01    2.4319649181e-04    2.1476487895e-04    1.1410775758e-04    7.6278716286e-09    2.5604431331e+02    2.5597873435e+02    9.0648044626e-12    2.5604431269e+02    2.5597873416e+02   -1.0389467064e-12
2284.0000000    1.1420000000e+03    4.2055917320e+01    9.8933294149e-01    9.1469989120e-01    6.9705807980e-01   -1.4718675804e-08   -8.1798523770e-07    7.0457380986e-01    6.9827552673e-01    2.7900989912e-04    2.4116706312e-04    1.4030314113e-04    7.6617145961e-09    2.5604442235e+02    2.5597845632e+02   -2.0920876143e-11    2.5604441872e+02    2.5597845916e+02   -1.0978995491e-12
2286.0000000    1.1430000000e+03    4.2070300100e+01    9.8954604606e-01    9.1485628778e-01    6.9735953701e-01   -1.4864195135e-08   -8.1867688265e-07    7.0472671765e-01    6.9842631237e-01    3.0966020931e-04    2.6283008880e-04    1.6373695243e-04    7.6702850417e-09    2.5604451753e+02    2.5597821672e+02    8.5512708026e-12    2.5604451332e+02    2.5597822211e+02    1.0554168650e-11
2288.0000000    1.1440000000e+03    4.2084931421e+01    9.8976208020e-01    9.1501535953e-01    6.9766311067e-01   -1.3344936771e-08   -8.1730555483e-07    7.0487961161e-01    6.9857357203e-01    3.3218764389e-04    2.7628864750e-04    1.8442671704e-04    7.5527510695e-09    2.5604459648e+02    2.5597802300e+02    3.3917257891e-11    2.5604459429e+02    2.5597802642e+02   -1.2572165531e-12
2290.0000000    1.1450000000e+03    4.2099776298e+01    9.8998029532e-01    9.1517672479e-01    6.9796711859e-01   -1.1399474101e-08   -8.1288296510e-07    7.0503132425e-01    6.9872048157e-01    3.4631603456e-04    2.8059725358e-04    2.0297777469e-04    7.4047243380e-09    2.5604466162e+02    2.5597787210e+02   -3.6532055159e-11    2.5604466507e+02    2.5597787499e+02   -1.2860823517e-12
2292.0000000    1.1460000000e+03    4.2114791844e+01    9.9020001388e-01    9.1533991632e-01    6.9827049313e-01   -9.0375838116e-09   -8.1050171685e-07    7.0518125969e-01    6.9886914880e-01    3.5424336222e-04    2.7713087072e-04    2.2065094634e-04    7.3150182465e-09    2.5604472568e+02    2.5597776781e+02    1.0467571254e-11    2.5604473220e+02    2.5597776851e+02   -1.3233858454e-12
2294.0000000    1.1470000000e+03    4.2129926762e+01    9.9042066774e-01    9.1550437576e-01    6.9857295928e-01   -8.4832446934e-09   -8.1283340455e-07    7.0532954534e-01    6.9901937298e-01    3.5991761743e-04    2.6886166979e-04    2.3927827691e-04    7.3277793200e-09    2.5604479567e+02    2.5597770697e+02   -1.3691270340e-12    2.5604479849e+02    2.5597770693e+02   -1.3691270340e-12
2296.0000000    1.1480000000e+03    4.2145130292e+01    9.9064176463e-01    9.1566955101e-01    6.9887453249e-01   -9.3772267295e-09   -8.1553530243e-07    7.0547654807e-01    6.9917144483e-01    3.6778697559e-04    2.5927724790e-04    2.6084970401e-04    7.3650790943e-09    2.5604486394e+02    2.5597769026e+02   -1.4233059176e-12    2.5604486278e+02    2.5597769171e+02   -1.4251932967e-12
2298.0000000    1.1490000000e+03    4.2160356982e+01    9.9086286211e-01    9.1583494803e-01    6.9917521821e-01   -9.4805307268e-09   -8.1553754474e-07    7.0562258910e-01    6.9932405502e-01    3.8106477188e-04    2.5113138104e-04    2.8660668131e-04    7.3564913744e-09    2.5604492509e+02    2.5597772284e+02   -1.4915846336e-12    2.5604492396e+02    2.5597772457e+02    3.2763791680e-12
2300.0000000    1.1500000000e+03    4.2175570423e+01    9.9108356281e-01    9.1600017129e-01    6.9947484204e-01   -8.0162133793e-09   -8.1377770704e-07    7.0576777608e-01    6.9947254038e-01    4.0076771104e-04    2.4580235629e-04    3.1653745403e-04    7.3182458626e-09    2.5604498201e+02    2.5597780551e+02    1.2735590360e-11    2.5604498259e+02    2.5597780471e+02    3.4851566078e-12
